12910.000000 4.68523e-05
12915.000000 4.17964e-05
12920.000000 4.09751e-05
12925.000000 4.52848e-05
12930.000000 4.54729e-05
12935.000000 5.04944e-05
12940.000000 4.88205e-05
12945.000000 5.31605e-05
12950.000000 4.89272e-05
12955.000000 6.01218e-05
12960.000000 6.19038e-05
12965.000000 7.3997e-05
12970.000000 5.17007e-05
12975.000000 7.76065e-05
12980.000000 7.34869e-05
12985.000000 7.68922e-05
12990.000000 8.38976e-05
12995.000000 8.31212e-05
13000.000000 9.01422e-05
13005.000000 9.64153e-05
13010.000000 8.27722e-05
13015.000000 0.000100263
13020.000000 0.000101377
13025.000000 0.000119085
13030.000000 0.000124609
13035.000000 0.000130142
13040.000000 0.000129595
13045.000000 0.000143158
13050.000000 0.000141817
13055.000000 0.000149394
13060.000000 0.000143642
13065.000000 0.000160932
13070.000000 0.000174551
13075.000000 0.000181806
13080.000000 0.000181731
13085.000000 0.000194796
13090.000000 0.000202246
13095.000000 0.000215826
13100.000000 0.000221439
13105.000000 0.000248842
13110.000000 0.000242695
13115.000000 0.000255961
13120.000000 0.000286513
13125.000000 0.00028748
13130.000000 0.00031966
13135.000000 0.000322334
13140.000000 0.000337001
13145.000000 0.000355107
13150.000000 0.000367161
13155.000000 0.000389522
13160.000000 0.000406805
13165.000000 0.000442704
13170.000000 0.000454053
13175.000000 0.000490202
13180.000000 0.000506597
13185.000000 0.000541023
13190.000000 0.000537337
13195.000000 0.000598812
13200.000000 0.000656025
13205.000000 0.00066111
13210.000000 0.000711177
13215.000000 0.000774066
13220.000000 0.000798269
13225.000000 0.000850352
13230.000000 0.000897032
13235.000000 0.000939429
13240.000000 0.00102562
13245.000000 0.00107989
13250.000000 0.00115823
13255.000000 0.00121194
13260.000000 0.00128632
13265.000000 0.00138215
13270.000000 0.00146877
13275.000000 0.00157199
13280.000000 0.00168908
13285.000000 0.00180118
13290.000000 0.00191196
13295.000000 0.00203616
13300.000000 0.00217501
13305.000000 0.00232904
13310.000000 0.00251007
13315.000000 0.00268411
13320.000000 0.00286322
13325.000000 0.0031048
13330.000000 0.00332235
13335.000000 0.00358374
13340.000000 0.00386088
13345.000000 0.00414121
13350.000000 0.00446079
13355.000000 0.00480982
13360.000000 0.00518598
13365.000000 0.00560277
13370.000000 0.00608094
13375.000000 0.00659404
13380.000000 0.00710728
13385.000000 0.0076848
13390.000000 0.00831516
13395.000000 0.00904158
13400.000000 0.0098434
13405.000000 0.0107238
13410.000000 0.0116281
13415.000000 0.0126054
13420.000000 0.0137018
13425.000000 0.0149036
13430.000000 0.0162791
13435.000000 0.0178413
13440.000000 0.0194123
13445.000000 0.0211439
13450.000000 0.0230158
13455.000000 0.0250735
13460.000000 0.0273331
13465.000000 0.029895
13470.000000 0.0326681
13475.000000 0.0354556
13480.000000 0.0385153
13485.000000 0.041826
13490.000000 0.0454154
13495.000000 0.0492443
13500.000000 0.0534299
13505.000000 0.0576398
13510.000000 0.0618077
13515.000000 0.0663975
13520.000000 0.0709987
13525.000000 0.0758474
13530.000000 0.0809328
13535.000000 0.085685
13540.000000 0.0905002
13545.000000 0.095197
13550.000000 0.0998563
13555.000000 0.104435
13560.000000 0.108861
13565.000000 0.112958
13570.000000 0.116351
13575.000000 0.119557
13580.000000 0.122455
13585.000000 0.125258
13590.000000 0.127716
13595.000000 0.129841
13600.000000 0.131574
13605.000000 0.13304
13610.000000 0.134298
13615.000000 0.13534
13620.000000 0.136135
13625.000000 0.136831
13630.000000 0.137241
13635.000000 0.137569
13640.000000 0.137762
13645.000000 0.137873
13650.000000 0.137908
13655.000000 0.137976
13660.000000 0.137937
13665.000000 0.137892
13670.000000 0.13785
13675.000000 0.137794
13680.000000 0.137691
13685.000000 0.137635
13690.000000 0.137542
13695.000000 0.13746
13700.000000 0.137449
13705.000000 0.13741
13710.000000 0.137391
13715.000000 0.137434
13720.000000 0.137445
13725.000000 0.137499
13730.000000 0.137523
13735.000000 0.137595
13740.000000 0.137675
13745.000000 0.137785
13750.000000 0.137857
13755.000000 0.137978
13760.000000 0.138115
13765.000000 0.138272
13770.000000 0.138412
13775.000000 0.138576
13780.000000 0.138788
13785.000000 0.138925
13790.000000 0.139099
13795.000000 0.139305
13800.000000 0.13953
13805.000000 0.139672
13810.000000 0.139873
13815.000000 0.140071
13820.000000 0.140278
13825.000000 0.14039
13830.000000 0.140612
13835.000000 0.140692
13840.000000 0.140796
13845.000000 0.140951
13850.000000 0.141097
13855.000000 0.141207
13860.000000 0.141282
13865.000000 0.141387
13870.000000 0.141477
13875.000000 0.141508
13880.000000 0.141551
13885.000000 0.141576
13890.000000 0.141581
13895.000000 0.141608
13900.000000 0.141601
13905.000000 0.141583
13910.000000 0.141606
13915.000000 0.141559
13920.000000 0.141508
13925.000000 0.141519
13930.000000 0.141478
13935.000000 0.141387
13940.000000 0.141397
13945.000000 0.141275
13950.000000 0.141209
13955.000000 0.141113
13960.000000 0.141011
13965.000000 0.140937
13970.000000 0.140827
13975.000000 0.140741
13980.000000 0.140732
13985.000000 0.140646
13990.000000 0.140589
13995.000000 0.140521
14000.000000 0.140428
14005.000000 0.140323
14010.000000 0.14028
14015.000000 0.140207
14020.000000 0.140121
14025.000000 0.140104
14030.000000 0.140058
14035.000000 0.140015
14040.000000 0.139989
14045.000000 0.139915
14050.000000 0.139941
14055.000000 0.139931
14060.000000 0.139897
14065.000000 0.139909
14070.000000 0.139931
14075.000000 0.139979
14080.000000 0.140001
14085.000000 0.140003
14090.000000 0.140071
14095.000000 0.140139
14100.000000 0.140191
14105.000000 0.14022
14110.000000 0.140285
14115.000000 0.14034
14120.000000 0.140424
14125.000000 0.140605
14130.000000 0.140654
14135.000000 0.140766
14140.000000 0.140886
14145.000000 0.140995
14150.000000 0.141115
14155.000000 0.141233
14160.000000 0.141365
14165.000000 0.141509
14170.000000 0.141629
14175.000000 0.141794
14180.000000 0.141976
14185.000000 0.14211
14190.000000 0.14228
14195.000000 0.142458
14200.000000 0.142619
14205.000000 0.142822
14210.000000 0.143015
14215.000000 0.143195
14220.000000 0.14341
14225.000000 0.143635
14230.000000 0.143837
14235.000000 0.144074
14240.000000 0.144313
14245.000000 0.144471
14250.000000 0.14478
14255.000000 0.144937
14260.000000 0.145256
14265.000000 0.145408
14270.000000 0.145787
14275.000000 0.146122
14280.000000 0.146258
14285.000000 0.146493
14290.000000 0.146788
14295.000000 0.147052
14300.000000 0.147321
14305.000000 0.147596
14310.000000 0.147894
14315.000000 0.148163
14320.000000 0.148467
14325.000000 0.148782
14330.000000 0.149054
14335.000000 0.149399
14340.000000 0.149704
14345.000000 0.150017
14350.000000 0.150423
14355.000000 0.150701
14360.000000 0.151051
14365.000000 0.151382
14370.000000 0.151706
14375.000000 0.152075
14380.000000 0.152464
14385.000000 0.152793
14390.000000 0.153187
14395.000000 0.153496
14400.000000 0.153843
14405.000000 0.154251
14410.000000 0.154634
14415.000000 0.155005
14420.000000 0.155406
14425.000000 0.155778
14430.000000 0.156114
14435.000000 0.156507
14440.000000 0.156912
14445.000000 0.157306
14450.000000 0.1577
14455.000000 0.158052
14460.000000 0.158403
14465.000000 0.158775
14470.000000 0.159114
14475.000000 0.159539
14480.000000 0.159829
14485.000000 0.160124
14490.000000 0.160515
14495.000000 0.160813
14500.000000 0.161065
14505.000000 0.161429
14510.000000 0.161692
14515.000000 0.161984
14520.000000 0.16225
14525.000000 0.162459
14530.000000 0.162689
14535.000000 0.162943
14540.000000 0.163111
14545.000000 0.163305
14550.000000 0.163509
14555.000000 0.163622
14560.000000 0.163771
14565.000000 0.163848
14570.000000 0.163956
14575.000000 0.164023
14580.000000 0.164077
14585.000000 0.164119
14590.000000 0.164191
14595.000000 0.164118
14600.000000 0.164063
14605.000000 0.164062
14610.000000 0.163929
14615.000000 0.163864
14620.000000 0.163749
14625.000000 0.16356
14630.000000 0.163409
14635.000000 0.163276
14640.000000 0.163049
14645.000000 0.16286
14650.000000 0.162663
14655.000000 0.162391
14660.000000 0.162145
14665.000000 0.161849
14670.000000 0.161562
14675.000000 0.161328
14680.000000 0.161039
14685.000000 0.160753
14690.000000 0.160476
14695.000000 0.160158
14700.000000 0.15984
14705.000000 0.159588
14710.000000 0.159253
14715.000000 0.159002
14720.000000 0.158743
14725.000000 0.158443
14730.000000 0.158175
14735.000000 0.15789
14740.000000 0.157645
14745.000000 0.15743
14750.000000 0.157207
14755.000000 0.156949
14760.000000 0.156748
14765.000000 0.156526
14770.000000 0.156312
14775.000000 0.156155
14780.000000 0.155992
14785.000000 0.155858
14790.000000 0.155755
14795.000000 0.155597
14800.000000 0.155542
14805.000000 0.155457
14810.000000 0.155314
14815.000000 0.15533
14820.000000 0.155289
14825.000000 0.155249
14830.000000 0.155268
14835.000000 0.155321
14840.000000 0.155362
14845.000000 0.155494
14850.000000 0.155563
14855.000000 0.155708
14860.000000 0.155888
14865.000000 0.15603
14870.000000 0.156264
14875.000000 0.156524
14880.000000 0.15672
14885.000000 0.157018
14890.000000 0.157328
14895.000000 0.157667
14900.000000 0.158011
14905.000000 0.158374
14910.000000 0.158722
14915.000000 0.159251
14920.000000 0.159654
14925.000000 0.160142
14930.000000 0.16057
14935.000000 0.161067
14940.000000 0.161564
14945.000000 0.162099
14950.000000 0.162677
14955.000000 0.163223
14960.000000 0.163754
14965.000000 0.164323
14970.000000 0.16491
14975.000000 0.16547
14980.000000 0.166087
14985.000000 0.166711
14990.000000 0.167272
14995.000000 0.167811
15000.000000 0.168457
15005.000000 0.168981
15010.000000 0.169452
15015.000000 0.169964
15020.000000 0.170403
15025.000000 0.170853
15030.000000 0.171338
15035.000000 0.1717
15040.000000 0.172133
15045.000000 0.172549
15050.000000 0.172854
15055.000000 0.173184
15060.000000 0.173509
15065.000000 0.1738
15070.000000 0.174071
15075.000000 0.174304
15080.000000 0.174437
15085.000000 0.174611
15090.000000 0.174705
15095.000000 0.174738
15100.000000 0.174867
15105.000000 0.17485
15110.000000 0.174801
15115.000000 0.174824
15120.000000 0.17471
15125.000000 0.174617
15130.000000 0.174517
15135.000000 0.174327
15140.000000 0.174192
15145.000000 0.173978
15150.000000 0.173712
15155.000000 0.173493
15160.000000 0.173165
15165.000000 0.172889
15170.000000 0.172594
15175.000000 0.172274
15180.000000 0.171896
15185.000000 0.171609
15190.000000 0.171248
15195.000000 0.17093
15200.000000 0.170571
15205.000000 0.170237
15210.000000 0.169939
15215.000000 0.169613
15220.000000 0.169367
15225.000000 0.169085
15230.000000 0.168889
15235.000000 0.168574
15240.000000 0.168409
15245.000000 0.168278
15250.000000 0.168098
15255.000000 0.167992
15260.000000 0.167857
15265.000000 0.167822
15270.000000 0.167789
15275.000000 0.167783
15280.000000 0.167756
15285.000000 0.167858
15290.000000 0.167988
15295.000000 0.16805
15300.000000 0.168234
15305.000000 0.168326
15310.000000 0.168428
15315.000000 0.168595
15320.000000 0.168656
15325.000000 0.168833
15330.000000 0.168969
15335.000000 0.169024
15340.000000 0.169115
15345.000000 0.169135
15350.000000 0.16909
15355.000000 0.169009
15360.000000 0.168866
15365.000000 0.168519
15370.000000 0.16817
15375.000000 0.167628
15380.000000 0.166944
15385.000000 0.166074
15390.000000 0.164988
15395.000000 0.16367
15400.000000 0.162209
15405.000000 0.160515
15410.000000 0.158625
15415.000000 0.156399
15420.000000 0.153906
15425.000000 0.151011
15430.000000 0.147967
15435.000000 0.144787
15440.000000 0.141255
15445.000000 0.137559
15450.000000 0.133472
15455.000000 0.129038
15460.000000 0.124586
15465.000000 0.120205
15470.000000 0.115656
15475.000000 0.110858
15480.000000 0.106183
15485.000000 0.101297
15490.000000 0.0962201
15495.000000 0.0916081
15500.000000 0.0870821
15505.000000 0.0825872
15510.000000 0.0781477
15515.000000 0.0736468
15520.000000 0.069402
15525.000000 0.0653212
15530.000000 0.0615999
15535.000000 0.0579875
15540.000000 0.0545563
15545.000000 0.0511847
15550.000000 0.0478973
15555.000000 0.0449639
15560.000000 0.0421485
15565.000000 0.0396359
15570.000000 0.0372256
15575.000000 0.0348975
15580.000000 0.0327051
15585.000000 0.0305396
15590.000000 0.028637
15595.000000 0.0269269
15600.000000 0.0252736
15605.000000 0.0237621
15610.000000 0.0223
15615.000000 0.020885
15620.000000 0.0195609
15625.000000 0.018422
15630.000000 0.0173799
15635.000000 0.016422
15640.000000 0.0154442
15645.000000 0.0145297
15650.000000 0.013617
15655.000000 0.0128801
15660.000000 0.0121699
15665.000000 0.0114906
15670.000000 0.0108546
15675.000000 0.0102484
15680.000000 0.00966032
15685.000000 0.00915675
15690.000000 0.00862661
15695.000000 0.00823344
15700.000000 0.00775432
15705.000000 0.00737465
15710.000000 0.00698139
15715.000000 0.00662674
15720.000000 0.00625862
15725.000000 0.00593394
15730.000000 0.00566345
15735.000000 0.00535731
15740.000000 0.00513634
15745.000000 0.00491653
15750.000000 0.00465913
15755.000000 0.00444215
15760.000000 0.00422615
15765.000000 0.00401146
15770.000000 0.00383383
15775.000000 0.00365031
15780.000000 0.00352561
15785.000000 0.00330096
15790.000000 0.00320275
15795.000000 0.00306261
15800.000000 0.00291453
15805.000000 0.00278423
15810.000000 0.00270229
15815.000000 0.00254626
15820.000000 0.00242615
15825.000000 0.00236557
15830.000000 0.00227937
15835.000000 0.00217058
15840.000000 0.00208094
15845.000000 0.00197367
15850.000000 0.00190492
15855.000000 0.00183875
15860.000000 0.00175592
15865.000000 0.00169593
15870.000000 0.00165617
15875.000000 0.00156522
15880.000000 0.0014873
15885.000000 0.00146832
15890.000000 0.0014106
15895.000000 0.00134227
15900.000000 0.00134125
15905.000000 0.00127101
15910.000000 0.00121365
15915.000000 0.00117108
15920.000000 0.00113248
15925.000000 0.0011206
15930.000000 0.00104529
15935.000000 0.00102356
15940.000000 0.000988416
15945.000000 0.000974185
15950.000000 0.000907783
15955.000000 0.0009114
15960.000000 0.000875484
15965.000000 0.000812447
15970.000000 0.000778342
15975.000000 0.000769798
15980.000000 0.000778918
15985.000000 0.000750603
15990.000000 0.00074202
15995.000000 0.000670141
16000.000000 0.000680999
16005.000000 0.000730081
16010.000000 0.000640072
16015.000000 0.000616953
16020.000000 0.000596825
16025.000000 0.000562079
16030.000000 0.000569347
16035.000000 0.000539717
16040.000000 0.00053337
16045.000000 0.000518134
16050.000000 0.000527436
16055.000000 0.000518383
16060.000000 0.000478821
16065.000000 0.00046554
16070.000000 0.000494535
16075.000000 0.000475577
16080.000000 0.000427287
16085.000000 0.000401404
16090.000000 0.00042645
16095.000000 0.000392908
16100.000000 0.000394988
16105.000000 0.000406282
16110.000000 0.000380941
16115.000000 0.000331651
16120.000000 0.000357642
16125.000000 0.000357562
16130.000000 0.000325512
16135.000000 0.000339001
16140.000000 0.000360019
16145.000000 0.000346966
16150.000000 0.000322153
16155.000000 0.000317734
16160.000000 0.000289574
16165.000000 0.000251663
16170.000000 0.000290965
16175.000000 0.000286296
16180.000000 0.000305384
16185.000000 0.000232453
16190.000000 0.000261186
16195.000000 0.000266239
16200.000000 0.000242821
16205.000000 0.000280515
16210.000000 0.000226431
16215.000000 0.000288437
16220.000000 0.0002437
16225.000000 0.000234546
16230.000000 0.000237266
16235.000000 0.000237768
16240.000000 0.000259117
16245.000000 0.000221066
16250.000000 0.000192572
16255.000000 0.000192972
16260.000000 0.000184406
16265.000000 0.00016076
16270.000000 0.000205594
16275.000000 0.000221827
16280.000000 0.000211077
16285.000000 0.000209293
16290.000000 0.000173318
16295.000000 0.000182905
16300.000000 0.000190138
16305.000000 0.000181384
16310.000000 0.000188834
16315.000000 0.00017116
16320.000000 0.000154993
16325.000000 0.000197006
16330.000000 0.000172338
16335.000000 0.000151471
16340.000000 0.000140455
16345.000000 0.000166157
16350.000000 0.000143092
16355.000000 0.000143435
16360.000000 0.000169923
16365.000000 0.000141769
16370.000000 0.000108963
16375.000000 0.000111552
16380.000000 0.000154628
16385.000000 0.000145416
16390.000000 0.000143379
16395.000000 0.000117408
16400.000000 0.000127277
16405.000000 0.000125202
16410.000000 0.000144722
16415.000000 0.000108871
16420.000000 0.000140506
16425.000000 0.000114199
16430.000000 0.000126682
16435.000000 0.000105078
16440.000000 0.00011513
16445.000000 9.80179e-05
16450.000000 0.000147651
16455.000000 0.000115688
16460.000000 0.000128296
16465.000000 0.00015368
16470.000000 0.000116499
16475.000000 0.000112161
16480.000000 6.99848e-05
16485.000000 0.000122637
16490.000000 0.000107909
16495.000000 9.76255e-05
16500.000000 0.00012104
16505.000000 0.00010308
16510.000000 9.12421e-05
16515.000000 8.38685e-05
16520.000000 7.13832e-05
16525.000000 0.000114157
16530.000000 9.97678e-05
16535.000000 7.44324e-05
16540.000000 0.000104633
16545.000000 9.71503e-05
16550.000000 0.000118847
16555.000000 0.00013381
16560.000000 8.57257e-05
16565.000000 0.000119737
16570.000000 6.52986e-05
16575.000000 6.5455e-05
16580.000000 8.13523e-05
16585.000000 8.83821e-05
16590.000000 8.18181e-05
16595.000000 9.93693e-05
16600.000000 9.81806e-05
16605.000000 0.000110491
16610.000000 8.80774e-05
16615.000000 0.000115029
16620.000000 0.000128785
16625.000000 7.53818e-05
16630.000000 9.72464e-05
16635.000000 8.51749e-05
16640.000000 6.64575e-05
16645.000000 0.000107464
16650.000000 6.56469e-05
16655.000000 9.59946e-05
16660.000000 9.90253e-05
16665.000000 7.45357e-05
16670.000000 0.000116209
16675.000000 6.66351e-05
16680.000000 3.71611e-05
16685.000000 0.000133877
16690.000000 7.55647e-05
16695.000000 3.64976e-05
16700.000000 5.06622e-05
16705.000000 3.6736e-05
16710.000000 7.35132e-05
16715.000000 8.00265e-05
16720.000000 5.46879e-05
16725.000000 9.10275e-05
16730.000000 0.000105464
16735.000000 6.00064e-05
16740.000000 4.01848e-05
16745.000000 0.000126196
16750.000000 8.6248e-05
16755.000000 4.62328e-05
16765.000000 7.81816e-05
16770.000000 0.000104407
