13270.000000 5.64332e-05
13275.000000 4.95766e-05
13280.000000 4.87955e-05
13285.000000 4.88856e-05
13290.000000 4.72288e-05
13295.000000 6.39593e-05
13300.000000 6.5044e-05
13305.000000 5.01457e-05
13310.000000 5.37809e-05
13315.000000 7.33006e-05
13320.000000 6.45942e-05
13325.000000 7.26866e-05
13330.000000 7.72596e-05
13335.000000 7.74252e-05
13340.000000 6.42467e-05
13345.000000 6.16981e-05
13350.000000 7.43956e-05
13355.000000 7.45896e-05
13360.000000 8.46363e-05
13365.000000 7.49021e-05
13370.000000 7.8696e-05
13375.000000 8.60977e-05
13380.000000 8.54151e-05
13385.000000 8.19798e-05
13390.000000 9.04256e-05
13395.000000 0.000108927
13400.000000 0.000104675
13405.000000 0.000101238
13410.000000 0.000113527
13415.000000 0.000126773
13420.000000 0.000144778
13425.000000 0.000137809
13430.000000 0.000135556
13435.000000 0.000153938
13440.000000 0.000161074
13445.000000 0.000168223
13450.000000 0.00018124
13455.000000 0.000185108
13460.000000 0.000183533
13465.000000 0.000214166
13470.000000 0.00023091
13475.000000 0.000224559
13480.000000 0.000269906
13485.000000 0.000268769
13490.000000 0.000289911
13495.000000 0.000319249
13500.000000 0.000331523
13505.000000 0.000353921
13510.000000 0.00036697
13515.000000 0.000388581
13520.000000 0.000390418
13525.000000 0.000439682
13530.000000 0.000488499
13535.000000 0.000531871
13540.000000 0.000576337
13545.000000 0.000596773
13550.000000 0.000662458
13555.000000 0.000701548
13560.000000 0.000765858
13565.000000 0.000844225
13570.000000 0.000900208
13575.000000 0.000962553
13580.000000 0.00103811
13585.000000 0.00112899
13590.000000 0.00122873
13595.000000 0.0012929
13600.000000 0.0014111
13605.000000 0.00152668
13610.000000 0.00166109
13615.000000 0.00178831
13620.000000 0.00195752
13625.000000 0.00208959
13630.000000 0.00225802
13635.000000 0.00240385
13640.000000 0.00259285
13645.000000 0.00279492
13650.000000 0.0030264
13655.000000 0.00322761
13660.000000 0.00345394
13665.000000 0.00365612
13670.000000 0.00390282
13675.000000 0.00415082
13680.000000 0.00437948
13685.000000 0.00468937
13690.000000 0.00496698
13695.000000 0.00523783
13700.000000 0.0055115
13705.000000 0.0058032
13710.000000 0.00609516
13715.000000 0.00640338
13720.000000 0.0067044
13725.000000 0.00703209
13730.000000 0.00730385
13735.000000 0.00763433
13740.000000 0.00793779
13745.000000 0.00826668
13750.000000 0.00866983
13755.000000 0.00901065
13760.000000 0.0093517
13765.000000 0.00975637
13770.000000 0.0101322
13775.000000 0.0105755
13780.000000 0.0110094
13785.000000 0.011484
13790.000000 0.0119796
13795.000000 0.0124824
13800.000000 0.0130512
13805.000000 0.0136426
13810.000000 0.0143
13815.000000 0.0150585
13820.000000 0.0158741
13825.000000 0.0166775
13830.000000 0.0175105
13835.000000 0.0184531
13840.000000 0.0195099
13845.000000 0.0205927
13850.000000 0.0217995
13855.000000 0.0230269
13860.000000 0.0243088
13865.000000 0.0257289
13870.000000 0.0273633
13875.000000 0.0292347
13880.000000 0.031292
13885.000000 0.0333895
13890.000000 0.0356336
13895.000000 0.0379064
13900.000000 0.0402537
13905.000000 0.0429713
13910.000000 0.0462622
13915.000000 0.0495682
13920.000000 0.0531257
13925.000000 0.0567747
13930.000000 0.0606295
13935.000000 0.0646785
13940.000000 0.0690365
13945.000000 0.0737127
13950.000000 0.0785407
13955.000000 0.0837042
13960.000000 0.0888375
13965.000000 0.094179
13970.000000 0.0990849
13975.000000 0.104023
13980.000000 0.108436
13985.000000 0.112567
13990.000000 0.116798
13995.000000 0.121127
14000.000000 0.125266
14005.000000 0.12901
14010.000000 0.131987
14015.000000 0.134399
14020.000000 0.136322
14025.000000 0.13792
14030.000000 0.139067
14035.000000 0.139958
14040.000000 0.140512
14045.000000 0.140757
14050.000000 0.140737
14055.000000 0.140536
14060.000000 0.140095
14065.000000 0.139534
14070.000000 0.138879
14075.000000 0.138158
14080.000000 0.137455
14085.000000 0.136659
14090.000000 0.135906
14095.000000 0.135191
14100.000000 0.134442
14105.000000 0.133828
14110.000000 0.133292
14115.000000 0.132878
14120.000000 0.132478
14125.000000 0.132134
14130.000000 0.131875
14135.000000 0.131782
14140.000000 0.131724
14145.000000 0.13176
14150.000000 0.131878
14155.000000 0.132104
14160.000000 0.132454
14165.000000 0.132814
14170.000000 0.133292
14175.000000 0.133822
14180.000000 0.134458
14185.000000 0.135122
14190.000000 0.135912
14195.000000 0.136788
14200.000000 0.137652
14205.000000 0.138548
14210.000000 0.139473
14215.000000 0.140369
14220.000000 0.141459
14225.000000 0.142536
14230.000000 0.143576
14235.000000 0.144655
14240.000000 0.145701
14245.000000 0.146815
14250.000000 0.147944
14255.000000 0.149005
14260.000000 0.15008
14265.000000 0.151104
14270.000000 0.152081
14275.000000 0.153066
14280.000000 0.154062
14285.000000 0.155008
14290.000000 0.155885
14295.000000 0.156704
14300.000000 0.157451
14305.000000 0.158198
14310.000000 0.158857
14315.000000 0.15951
14320.000000 0.160117
14325.000000 0.160667
14330.000000 0.16114
14335.000000 0.16158
14340.000000 0.161966
14345.000000 0.162332
14350.000000 0.162663
14355.000000 0.162896
14360.000000 0.163165
14365.000000 0.163355
14370.000000 0.163513
14375.000000 0.163646
14380.000000 0.163778
14385.000000 0.163785
14390.000000 0.163877
14395.000000 0.163898
14400.000000 0.163953
14405.000000 0.163958
14410.000000 0.163902
14415.000000 0.163965
14420.000000 0.163893
14425.000000 0.163846
14430.000000 0.163828
14435.000000 0.163803
14440.000000 0.163755
14445.000000 0.16373
14450.000000 0.163673
14455.000000 0.163617
14460.000000 0.163581
14465.000000 0.163571
14470.000000 0.163526
14475.000000 0.163516
14480.000000 0.163447
14485.000000 0.163418
14490.000000 0.163459
14495.000000 0.163426
14500.000000 0.163429
14505.000000 0.163485
14510.000000 0.163487
14515.000000 0.163552
14520.000000 0.163616
14525.000000 0.163629
14530.000000 0.163707
14535.000000 0.163809
14540.000000 0.163866
14545.000000 0.163955
14550.000000 0.164084
14555.000000 0.164125
14560.000000 0.16427
14565.000000 0.164353
14570.000000 0.164515
14575.000000 0.164644
14580.000000 0.164736
14585.000000 0.164895
14590.000000 0.165036
14595.000000 0.165164
14600.000000 0.165329
14605.000000 0.165493
14610.000000 0.165636
14615.000000 0.165757
14620.000000 0.165886
14625.000000 0.166086
14630.000000 0.166262
14635.000000 0.166389
14640.000000 0.1666
14645.000000 0.166742
14650.000000 0.166925
14655.000000 0.167134
14660.000000 0.16735
14665.000000 0.16752
14670.000000 0.167723
14675.000000 0.167933
14680.000000 0.16816
14685.000000 0.168356
14690.000000 0.168582
14695.000000 0.168825
14700.000000 0.169053
14705.000000 0.169306
14710.000000 0.169539
14715.000000 0.169839
14720.000000 0.170134
14725.000000 0.170391
14730.000000 0.170669
14735.000000 0.170989
14740.000000 0.171251
14745.000000 0.171499
14750.000000 0.171794
14755.000000 0.172068
14760.000000 0.172412
14765.000000 0.172691
14770.000000 0.172977
14775.000000 0.173261
14780.000000 0.173556
14785.000000 0.173865
14790.000000 0.174137
14795.000000 0.174367
14800.000000 0.174689
14805.000000 0.174913
14810.000000 0.175172
14815.000000 0.175409
14820.000000 0.175622
14825.000000 0.175829
14830.000000 0.176048
14835.000000 0.176285
14840.000000 0.176468
14845.000000 0.176709
14850.000000 0.176879
14855.000000 0.177065
14860.000000 0.177244
14865.000000 0.17737
14870.000000 0.17757
14875.000000 0.177693
14880.000000 0.1778
14885.000000 0.177922
14890.000000 0.178083
14895.000000 0.178166
14900.000000 0.178266
14905.000000 0.178348
14910.000000 0.178447
14915.000000 0.1785
14920.000000 0.178568
14925.000000 0.178624
14930.000000 0.178711
14935.000000 0.178728
14940.000000 0.178807
14945.000000 0.178769
14950.000000 0.178775
14955.000000 0.17882
14960.000000 0.178834
14965.000000 0.178848
14970.000000 0.178804
14975.000000 0.178818
14980.000000 0.178807
14985.000000 0.178808
14990.000000 0.178785
14995.000000 0.178807
15000.000000 0.178784
15005.000000 0.17865
15010.000000 0.178591
15015.000000 0.178525
15020.000000 0.178332
15025.000000 0.178241
15030.000000 0.178164
15035.000000 0.178066
15040.000000 0.177961
15045.000000 0.177878
15050.000000 0.177762
15055.000000 0.177737
15060.000000 0.177659
15065.000000 0.177543
15070.000000 0.17751
15075.000000 0.177426
15080.000000 0.177305
15085.000000 0.177342
15090.000000 0.177281
15095.000000 0.177223
15100.000000 0.177213
15105.000000 0.177165
15110.000000 0.177167
15115.000000 0.177214
15120.000000 0.177165
15125.000000 0.177218
15130.000000 0.177208
15135.000000 0.17718
15140.000000 0.177252
15145.000000 0.177197
15150.000000 0.177278
15155.000000 0.177304
15160.000000 0.177353
15165.000000 0.17739
15170.000000 0.177423
15175.000000 0.177454
15180.000000 0.177536
15185.000000 0.17762
15190.000000 0.177625
15195.000000 0.177687
15200.000000 0.177753
15205.000000 0.177823
15210.000000 0.177931
15215.000000 0.178024
15220.000000 0.178056
15225.000000 0.178132
15230.000000 0.178206
15235.000000 0.178301
15240.000000 0.178362
15245.000000 0.178384
15250.000000 0.178477
15255.000000 0.178543
15260.000000 0.178645
15265.000000 0.178644
15270.000000 0.178734
15275.000000 0.178732
15280.000000 0.17881
15285.000000 0.178868
15290.000000 0.178905
15295.000000 0.178923
15300.000000 0.178993
15305.000000 0.178913
15310.000000 0.178902
15315.000000 0.178852
15320.000000 0.178821
15325.000000 0.178714
15330.000000 0.178709
15335.000000 0.178674
15340.000000 0.178612
15345.000000 0.178548
15350.000000 0.178467
15355.000000 0.178409
15360.000000 0.178349
15365.000000 0.178266
15370.000000 0.178173
15375.000000 0.178045
15380.000000 0.178005
15385.000000 0.177913
15390.000000 0.177825
15395.000000 0.1777
15400.000000 0.177637
15405.000000 0.177615
15410.000000 0.177593
15415.000000 0.177529
15420.000000 0.177537
15425.000000 0.177556
15430.000000 0.177488
15435.000000 0.177454
15440.000000 0.177497
15445.000000 0.177479
15450.000000 0.177466
15455.000000 0.177449
15460.000000 0.177456
15465.000000 0.177416
15470.000000 0.177424
15475.000000 0.177432
15480.000000 0.177437
15485.000000 0.177491
15490.000000 0.177494
15495.000000 0.177545
15500.000000 0.177556
15505.000000 0.177539
15510.000000 0.177573
15515.000000 0.177558
15520.000000 0.177558
15525.000000 0.177539
15530.000000 0.177562
15535.000000 0.177624
15540.000000 0.177594
15545.000000 0.177634
15550.000000 0.177695
15555.000000 0.17778
15560.000000 0.177874
15565.000000 0.177903
15570.000000 0.177953
15575.000000 0.178073
15580.000000 0.178184
15585.000000 0.178266
15590.000000 0.178409
15595.000000 0.178478
15600.000000 0.178638
15605.000000 0.178786
15610.000000 0.178996
15615.000000 0.179212
15620.000000 0.179401
15625.000000 0.179584
15630.000000 0.179804
15635.000000 0.180002
15640.000000 0.180245
15645.000000 0.18044
15650.000000 0.180679
15655.000000 0.180938
15660.000000 0.181141
15665.000000 0.181369
15670.000000 0.181582
15675.000000 0.181891
15680.000000 0.182106
15685.000000 0.182371
15690.000000 0.182635
15695.000000 0.182811
15700.000000 0.183071
15705.000000 0.183292
15710.000000 0.183497
15715.000000 0.183726
15720.000000 0.183948
15725.000000 0.184168
15730.000000 0.184378
15735.000000 0.184585
15740.000000 0.18483
15745.000000 0.184976
15750.000000 0.185204
15755.000000 0.185403
15760.000000 0.185537
15765.000000 0.185701
15770.000000 0.185886
15775.000000 0.186061
15780.000000 0.186234
15785.000000 0.18634
15790.000000 0.186491
15795.000000 0.186622
15800.000000 0.186704
15805.000000 0.186737
15810.000000 0.186782
15815.000000 0.186855
15820.000000 0.186854
15825.000000 0.186818
15830.000000 0.186938
15835.000000 0.186866
15840.000000 0.186789
15845.000000 0.186745
15850.000000 0.18672
15855.000000 0.186636
15860.000000 0.186579
15865.000000 0.18648
15870.000000 0.186385
15875.000000 0.186259
15880.000000 0.186204
15885.000000 0.186016
15890.000000 0.185892
15895.000000 0.185721
15900.000000 0.185543
15905.000000 0.185423
15910.000000 0.18527
15915.000000 0.185238
15920.000000 0.185078
15925.000000 0.184939
15930.000000 0.184744
15935.000000 0.184605
15940.000000 0.184421
15945.000000 0.184274
15950.000000 0.18415
15955.000000 0.183904
15960.000000 0.183705
15965.000000 0.18351
15970.000000 0.183324
15975.000000 0.183171
15980.000000 0.182971
15985.000000 0.182751
15990.000000 0.182603
15995.000000 0.182344
16000.000000 0.182177
16005.000000 0.182129
16010.000000 0.182011
16015.000000 0.181912
16020.000000 0.181804
16025.000000 0.181707
16030.000000 0.181607
16035.000000 0.181517
16040.000000 0.181453
16045.000000 0.181356
16050.000000 0.181309
16055.000000 0.181254
16060.000000 0.181201
16065.000000 0.181166
16070.000000 0.1811
16075.000000 0.181095
16080.000000 0.181093
16085.000000 0.181107
16090.000000 0.181054
16095.000000 0.181074
16100.000000 0.181063
16105.000000 0.181135
16110.000000 0.181233
16115.000000 0.181313
16120.000000 0.181307
16125.000000 0.181449
16130.000000 0.181565
16135.000000 0.18168
16140.000000 0.181858
16145.000000 0.181928
16150.000000 0.182129
16155.000000 0.182255
16160.000000 0.182507
16165.000000 0.182631
16170.000000 0.182816
16175.000000 0.182976
16180.000000 0.183209
16185.000000 0.183451
16190.000000 0.18369
16195.000000 0.183911
16200.000000 0.184216
16205.000000 0.18445
16210.000000 0.184698
16215.000000 0.184926
16220.000000 0.185222
16225.000000 0.185505
16230.000000 0.185748
16235.000000 0.186063
16240.000000 0.186358
16245.000000 0.18662
16250.000000 0.186972
16255.000000 0.187294
16260.000000 0.187616
16265.000000 0.187944
16270.000000 0.188287
16275.000000 0.188648
16280.000000 0.188946
16285.000000 0.189294
16290.000000 0.189675
16295.000000 0.190014
16300.000000 0.190364
16305.000000 0.190785
16310.000000 0.191102
16315.000000 0.191476
16320.000000 0.191821
16325.000000 0.192228
16330.000000 0.192601
16335.000000 0.19301
16340.000000 0.193342
16345.000000 0.193745
16350.000000 0.194063
16355.000000 0.194441
16360.000000 0.194858
16365.000000 0.19517
16370.000000 0.195544
16375.000000 0.195929
16380.000000 0.196211
16385.000000 0.196548
16390.000000 0.197005
16395.000000 0.197308
16400.000000 0.197709
16405.000000 0.198056
16410.000000 0.198342
16415.000000 0.198715
16420.000000 0.199085
16425.000000 0.199365
16430.000000 0.199675
16435.000000 0.200029
16440.000000 0.200293
16445.000000 0.200667
16450.000000 0.200934
16455.000000 0.201252
16460.000000 0.201583
16465.000000 0.201859
16470.000000 0.20212
16475.000000 0.202405
16480.000000 0.20271
16485.000000 0.202954
16490.000000 0.203177
16495.000000 0.203478
16500.000000 0.203701
16505.000000 0.203922
16510.000000 0.204189
16515.000000 0.204404
16520.000000 0.204617
16525.000000 0.204829
16530.000000 0.205043
16535.000000 0.205323
16540.000000 0.205478
16545.000000 0.205732
16550.000000 0.205865
16555.000000 0.206072
16560.000000 0.206305
16565.000000 0.206424
16570.000000 0.206661
16575.000000 0.206842
16580.000000 0.207013
16585.000000 0.207105
16590.000000 0.207266
16595.000000 0.207487
16600.000000 0.207605
16605.000000 0.207766
16610.000000 0.208045
16615.000000 0.208199
16620.000000 0.208383
16625.000000 0.208536
16630.000000 0.208729
16635.000000 0.208888
16640.000000 0.209051
16645.000000 0.209312
16650.000000 0.209447
16655.000000 0.209591
16660.000000 0.209703
16665.000000 0.209927
16670.000000 0.210139
16675.000000 0.210255
16680.000000 0.210415
16685.000000 0.210527
16690.000000 0.210724
16695.000000 0.210872
16700.000000 0.211001
16705.000000 0.211141
16710.000000 0.211292
16715.000000 0.211446
16720.000000 0.211579
16725.000000 0.21167
16730.000000 0.211809
16735.000000 0.211929
16740.000000 0.212041
16745.000000 0.212209
16750.000000 0.212358
16755.000000 0.21235
16760.000000 0.212561
16765.000000 0.212678
16770.000000 0.212792
16775.000000 0.212945
16780.000000 0.212994
16785.000000 0.213107
16790.000000 0.213239
16795.000000 0.213378
16800.000000 0.213468
16805.000000 0.213513
16810.000000 0.213679
16815.000000 0.213749
16820.000000 0.213875
16825.000000 0.213861
16830.000000 0.21403
16835.000000 0.214108
16840.000000 0.214213
16845.000000 0.214283
16850.000000 0.214408
16855.000000 0.21443
16860.000000 0.214522
16865.000000 0.214621
16870.000000 0.214699
16875.000000 0.214769
16880.000000 0.214841
16885.000000 0.214872
16890.000000 0.214926
16895.000000 0.214916
16900.000000 0.214923
16905.000000 0.214923
16910.000000 0.214954
16915.000000 0.215018
16920.000000 0.214993
16925.000000 0.215006
16930.000000 0.215003
16935.000000 0.214952
16940.000000 0.214883
16945.000000 0.214879
16950.000000 0.214847
16955.000000 0.214831
16960.000000 0.214749
16965.000000 0.214678
16970.000000 0.214642
16975.000000 0.214551
16980.000000 0.214483
16985.000000 0.214391
16990.000000 0.214284
16995.000000 0.214318
17000.000000 0.2141
17005.000000 0.21384
17010.000000 0.21359
17015.000000 0.213338
17020.000000 0.212972
17025.000000 0.212743
17030.000000 0.212351
17035.000000 0.212001
17040.000000 0.211701
17045.000000 0.211381
17050.000000 0.211046
17055.000000 0.210721
17060.000000 0.210373
17065.000000 0.209983
17070.000000 0.209651
17075.000000 0.209265
17080.000000 0.20878
17085.000000 0.208424
17090.000000 0.208043
17095.000000 0.207595
17100.000000 0.207187
17105.000000 0.206825
17110.000000 0.206474
17115.000000 0.206088
17120.000000 0.205745
17125.000000 0.205302
17130.000000 0.204923
17135.000000 0.204477
17140.000000 0.204103
17145.000000 0.203729
17150.000000 0.203152
17155.000000 0.20282
17160.000000 0.202425
17165.000000 0.201905
17170.000000 0.201486
17175.000000 0.201039
17180.000000 0.200565
17185.000000 0.200151
17190.000000 0.199672
17195.000000 0.199217
17200.000000 0.198726
17205.000000 0.198262
17210.000000 0.197785
17215.000000 0.197409
17220.000000 0.196911
17225.000000 0.196508
17230.000000 0.19596
17235.000000 0.195512
17240.000000 0.195133
17245.000000 0.194679
17250.000000 0.194158
17255.000000 0.193795
17260.000000 0.193351
17265.000000 0.192869
17270.000000 0.192448
17275.000000 0.192082
17280.000000 0.191667
17285.000000 0.191231
17290.000000 0.190789
17295.000000 0.190404
17300.000000 0.190049
17305.000000 0.189636
17310.000000 0.18929
17315.000000 0.188909
17320.000000 0.188546
17325.000000 0.188127
17330.000000 0.187845
17335.000000 0.187497
17340.000000 0.187196
17345.000000 0.186925
17350.000000 0.186647
17355.000000 0.186339
17360.000000 0.186116
17365.000000 0.18598
17370.000000 0.185802
17375.000000 0.185582
17380.000000 0.185486
17385.000000 0.185289
17390.000000 0.185188
17395.000000 0.185113
17400.000000 0.185183
17405.000000 0.185053
17410.000000 0.185123
17415.000000 0.185148
17420.000000 0.185218
17425.000000 0.185288
17430.000000 0.185468
17435.000000 0.185583
17440.000000 0.185793
17445.000000 0.186015
17450.000000 0.186249
17455.000000 0.186483
17460.000000 0.186798
17465.000000 0.187095
17470.000000 0.187396
17475.000000 0.187818
17480.000000 0.188216
17485.000000 0.188696
17490.000000 0.189108
17495.000000 0.189581
17500.000000 0.189994
17505.000000 0.190686
17510.000000 0.191198
17515.000000 0.191845
17520.000000 0.192323
17525.000000 0.192904
17530.000000 0.193567
17535.000000 0.194192
17540.000000 0.194901
17545.000000 0.195658
17550.000000 0.196352
17555.000000 0.197094
17560.000000 0.197801
17565.000000 0.198596
17570.000000 0.199398
17575.000000 0.200272
17580.000000 0.201099
17585.000000 0.20198
17590.000000 0.202731
17595.000000 0.203572
17600.000000 0.204544
17605.000000 0.205452
17610.000000 0.206396
17615.000000 0.207255
17620.000000 0.208147
17625.000000 0.209079
17630.000000 0.209961
17635.000000 0.210873
17640.000000 0.211786
17645.000000 0.212564
17650.000000 0.213316
17655.000000 0.214348
17660.000000 0.215003
17665.000000 0.215824
17670.000000 0.216487
17675.000000 0.217243
17680.000000 0.217823
17685.000000 0.218436
17690.000000 0.218938
17695.000000 0.219478
17700.000000 0.219969
17705.000000 0.220293
17710.000000 0.22053
17715.000000 0.220837
17720.000000 0.220926
17725.000000 0.221031
17730.000000 0.220985
17735.000000 0.220947
17740.000000 0.220761
17745.000000 0.220527
17750.000000 0.220153
17755.000000 0.21972
17760.000000 0.219197
17765.000000 0.218486
17770.000000 0.217743
17775.000000 0.216921
17780.000000 0.216084
17785.000000 0.214959
17790.000000 0.213851
17795.000000 0.212448
17800.000000 0.211081
17805.000000 0.209626
17810.000000 0.207994
17815.000000 0.206342
17820.000000 0.204497
17825.000000 0.202446
17830.000000 0.20034
17835.000000 0.198226
17840.000000 0.196054
17845.000000 0.193693
17850.000000 0.191134
17855.000000 0.188398
17860.000000 0.185713
17865.000000 0.182937
17870.000000 0.180111
17875.000000 0.177107
17880.000000 0.174165
17885.000000 0.170825
17890.000000 0.167578
17895.000000 0.164246
17900.000000 0.160987
17905.000000 0.157674
17910.000000 0.154042
17915.000000 0.150491
17920.000000 0.146718
17925.000000 0.143027
17930.000000 0.139439
17935.000000 0.135824
17940.000000 0.132072
17945.000000 0.128321
17950.000000 0.124515
17955.000000 0.120598
17960.000000 0.116918
17965.000000 0.113236
17970.000000 0.109601
17975.000000 0.105947
17980.000000 0.102375
17985.000000 0.098635
17990.000000 0.095052
17995.000000 0.0915609
18000.000000 0.0882001
18005.000000 0.0848666
18010.000000 0.0814865
18015.000000 0.0780543
18020.000000 0.07475
18025.000000 0.0717726
18030.000000 0.0687744
18035.000000 0.0660289
18040.000000 0.0632598
18045.000000 0.0604527
18050.000000 0.0577126
18055.000000 0.0552136
18060.000000 0.0527406
18065.000000 0.0503611
18070.000000 0.0480061
18075.000000 0.0458275
18080.000000 0.0435882
18085.000000 0.0416986
18090.000000 0.0397869
18095.000000 0.037989
18100.000000 0.0361754
18105.000000 0.0345363
18110.000000 0.0327485
18115.000000 0.0311546
18120.000000 0.0296502
18125.000000 0.0283499
18130.000000 0.0270962
18135.000000 0.025678
18140.000000 0.0245081
18145.000000 0.0234199
18150.000000 0.0222827
18155.000000 0.0211694
18160.000000 0.0200479
18165.000000 0.0192082
18170.000000 0.0183537
18175.000000 0.017462
18180.000000 0.0166326
18185.000000 0.0159735
18190.000000 0.0152116
18195.000000 0.0145135
18200.000000 0.0138386
18205.000000 0.0132237
18210.000000 0.0124217
18215.000000 0.0118585
18220.000000 0.0114021
18225.000000 0.010796
18230.000000 0.0104609
18235.000000 0.00984604
18240.000000 0.00949168
18245.000000 0.0091144
18250.000000 0.00863766
18255.000000 0.00830885
18260.000000 0.00769399
18265.000000 0.00750573
18270.000000 0.00722439
18275.000000 0.00690938
18280.000000 0.00666405
18285.000000 0.00643607
18290.000000 0.00616494
18295.000000 0.0058715
18300.000000 0.00564187
18305.000000 0.00530203
18310.000000 0.00503644
18315.000000 0.00500401
18320.000000 0.00468409
18325.000000 0.00455366
18330.000000 0.00434803
18335.000000 0.00420613
18340.000000 0.0039454
18345.000000 0.00386449
18350.000000 0.00375498
18355.000000 0.00364052
18360.000000 0.00350618
18365.000000 0.00331837
18370.000000 0.00316885
18375.000000 0.00302038
18380.000000 0.0028954
18385.000000 0.00285582
18390.000000 0.00268763
18395.000000 0.00274075
18400.000000 0.00248868
18405.000000 0.00247064
18410.000000 0.00229999
18415.000000 0.00222197
18420.000000 0.00210762
18425.000000 0.00212479
18430.000000 0.00206819
18435.000000 0.00194041
18440.000000 0.00202341
18445.000000 0.00211623
18450.000000 0.0017275
18455.000000 0.00168538
18460.000000 0.0016815
18465.000000 0.00153543
18470.000000 0.00159275
18475.000000 0.00155535
18480.000000 0.00144133
18485.000000 0.00132931
18490.000000 0.00137978
18495.000000 0.00122934
18500.000000 0.00133348
18505.000000 0.00113886
18510.000000 0.00122773
18515.000000 0.00116212
18520.000000 0.00120186
18525.000000 0.00102849
18530.000000 0.00110446
18535.000000 0.00105785
18540.000000 0.00122695
18545.000000 0.000994576
18550.000000 0.000850609
18555.000000 0.000939638
18560.000000 0.000932788
18565.000000 0.000972157
18570.000000 0.000872197
18575.000000 0.000871998
18580.000000 0.000786749
18585.000000 0.000817119
18590.000000 0.000766612
18595.000000 0.000715223
18600.000000 0.000696399
18605.000000 0.000647477
18610.000000 0.000660841
18615.000000 0.000547416
18620.000000 0.000695615
18625.000000 0.000637404
18630.000000 0.000505539
18635.000000 0.000832686
18640.000000 0.000621679
18645.000000 0.00063001
18650.000000 0.00072219
18655.000000 0.000594747
18660.000000 0.000515522
18665.000000 0.000532788
18670.000000 0.000476858
18675.000000 0.000485046
18680.000000 0.000512723
18685.000000 0.000540246
18690.000000 0.00050002
18695.000000 0.000418976
18700.000000 0.00051707
18705.000000 0.000431339
18710.000000 0.000317367
18715.000000 0.000438525
18720.000000 0.000422809
18725.000000 0.000410431
18730.000000 0.000407092
18735.000000 0.000403003
18740.000000 0.000473318
18745.000000 0.000389859
18750.000000 0.000362891
18755.000000 0.000415541
18760.000000 0.00044663
18765.000000 0.000347701
18770.000000 0.000448397
18775.000000 0.000417857
18780.000000 0.000438897
18785.000000 0.000229321
18790.000000 0.000189642
18795.000000 0.000336495
18800.000000 0.00039996
18805.000000 0.000333729
18810.000000 0.000308387
18815.000000 0.000346297
18820.000000 0.000294442
18825.000000 0.000303723
18830.000000 0.000320645
18835.000000 0.0003133
18840.000000 0.000305584
18845.000000 0.000232912
18850.000000 0.000193042
18855.000000 0.000297445
18860.000000 0.000270819
18865.000000 0.000313577
18870.000000 0.000266318
18875.000000 0.000237375
18880.000000 0.000227464
18885.000000 0.000253609
18890.000000 0.000266446
18895.000000 0.000220354
18900.000000 0.000252714
18905.000000 0.000278701
18910.000000 0.000161348
18915.000000 0.000154854
18920.000000 0.000186484
18925.000000 0.000132276
18930.000000 0.000240569
18935.000000 0.000238603
18940.000000 0.000230584
18945.000000 0.000158473
18950.000000 0.000221028
18955.000000 0.00017745
18960.000000 0.000253367
18965.000000 0.000104564
18970.000000 0.000229116
18975.000000 5.58477e-05
18980.000000 0.000215322
18985.000000 0.00020124
18990.000000 0.000159202
18995.000000 6.00203e-05
19000.000000 0.000206156
19005.000000 0.000173515
19010.000000 9.96344e-05
19015.000000 0.00018243
19020.000000 0.00021101
19025.000000 0.000206461
19035.000000 0.000268884
19040.000000 0.000111763
19045.000000 5.45575e-05
19050.000000 0.000180631
19055.000000 0.000165267
19060.000000 0.000163678
19065.000000 0.000144925
19070.000000 0.000115727
19075.000000 9.73484e-05
19080.000000 0.000116484
19085.000000 0.000189409
19090.000000 0.00012911
19095.000000 0.000110879
19100.000000 0.000157495
19105.000000 0.000192681
19110.000000 0.000184045
19115.000000 0.000133577
19120.000000 5.27848e-05
19125.000000 5.3373e-05
19135.000000 0.000144385
19140.000000 0.000166431
19145.000000 9.61829e-05
19150.000000 0.000116374
19155.000000 0.000143413
19160.000000 0.000134683
19165.000000 0.000118971
19170.000000 7.65971e-05
19180.000000 7.87683e-05
19185.000000 0.000149004
19190.000000 0.000101474
19200.000000 0.000106668
19210.000000 9.23956e-05
19215.000000 0.000210363
19220.000000 8.75471e-05
19225.000000 7.21356e-05
19230.000000 0.000130236
19235.000000 0.000102532
19240.000000 6.57079e-05
19245.000000 7.48317e-05
